version = 'MMult_4x4_6';
MY_MMult = [
40 8.533333e+00 2.664535e-15 
80 8.462810e+00 7.105427e-15 
120 7.697105e+00 1.065814e-14 
160 7.173380e+00 1.421085e-14 
200 7.897335e+00 1.421085e-14 
240 8.199288e+00 1.776357e-14 
280 7.817664e+00 1.776357e-14 
320 8.126984e+00 2.842171e-14 
360 6.876345e+00 2.309264e-14 
400 8.200397e+00 2.842171e-14 
440 8.193133e+00 3.197442e-14 
480 7.456311e+00 3.907985e-14 
520 7.670922e+00 3.907985e-14 
560 6.594791e+00 4.618528e-14 
600 5.691700e+00 4.263256e-14 
640 4.749674e+00 4.440892e-14 
680 4.275369e+00 5.329071e-14 
720 3.963913e+00 4.973799e-14 
760 3.768390e+00 4.973799e-14 
800 3.701227e+00 4.973799e-14 
];
