version = 'MMult0';
MY_MMult = [
40 3.459459e+00 0.000000e+00 
80 2.547264e+00 0.000000e+00 
120 2.648276e+00 0.000000e+00 
160 2.598985e+00 0.000000e+00 
200 2.489885e+00 0.000000e+00 
240 2.429953e+00 0.000000e+00 
280 2.388423e+00 0.000000e+00 
320 2.314206e+00 0.000000e+00 
360 2.479131e+00 0.000000e+00 
400 2.433923e+00 0.000000e+00 
440 2.076696e+00 0.000000e+00 
480 2.403155e+00 0.000000e+00 
520 2.320762e+00 0.000000e+00 
560 2.220893e+00 0.000000e+00 
600 2.039689e+00 0.000000e+00 
640 1.940040e+00 0.000000e+00 
680 1.926395e+00 0.000000e+00 
720 1.875726e+00 0.000000e+00 
760 1.884474e+00 0.000000e+00 
800 1.835369e+00 0.000000e+00 
];
