version = 'MMult_1x4_4';
MY_MMult = [
40 3.878788e+00 0.000000e+00 
80 3.103030e+00 0.000000e+00 
120 2.758180e+00 0.000000e+00 
160 2.449028e+00 0.000000e+00 
200 2.604591e+00 0.000000e+00 
240 2.546091e+00 0.000000e+00 
280 2.545602e+00 0.000000e+00 
320 2.525861e+00 0.000000e+00 
360 2.363227e+00 0.000000e+00 
400 2.453423e+00 0.000000e+00 
440 2.503203e+00 0.000000e+00 
480 2.438982e+00 0.000000e+00 
520 2.382944e+00 0.000000e+00 
560 2.204390e+00 0.000000e+00 
600 2.183053e+00 0.000000e+00 
640 2.180236e+00 0.000000e+00 
680 2.133008e+00 0.000000e+00 
720 2.123448e+00 0.000000e+00 
760 2.096792e+00 0.000000e+00 
800 2.092007e+00 0.000000e+00 
];
