version = 'MMult_4x4_9';
MY_MMult = [
40 8.000000e+00 2.664535e-15 
80 8.533333e+00 7.105427e-15 
120 6.595420e+00 1.065814e-14 
160 7.111111e+00 1.421085e-14 
200 7.850834e+00 1.421085e-14 
240 7.751051e+00 1.776357e-14 
280 6.473607e+00 1.776357e-14 
320 7.501832e+00 2.842171e-14 
360 6.081335e+00 2.309264e-14 
400 7.984032e+00 2.842171e-14 
440 7.815763e+00 3.197442e-14 
480 7.820663e+00 3.907985e-14 
520 5.958850e+00 3.907985e-14 
560 5.763760e+00 4.618528e-14 
600 7.645747e+00 4.263256e-14 
640 6.126220e+00 4.440892e-14 
680 4.442510e+00 5.329071e-14 
720 4.242660e+00 4.973799e-14 
760 3.447627e+00 4.973799e-14 
800 3.587105e+00 4.973799e-14 
];
