version = 'MMult_1x4_3';
MY_MMult = [
40 3.657143e+00 0.000000e+00 
80 2.730667e+00 0.000000e+00 
120 2.646248e+00 0.000000e+00 
160 2.610580e+00 0.000000e+00 
200 2.599513e+00 0.000000e+00 
240 2.535583e+00 0.000000e+00 
280 2.499943e+00 0.000000e+00 
320 2.275319e+00 0.000000e+00 
360 2.244480e+00 0.000000e+00 
400 2.502884e+00 0.000000e+00 
440 2.518374e+00 0.000000e+00 
480 2.449679e+00 0.000000e+00 
520 2.345382e+00 0.000000e+00 
560 2.298669e+00 0.000000e+00 
600 2.195892e+00 0.000000e+00 
640 2.167886e+00 0.000000e+00 
680 2.188091e+00 0.000000e+00 
720 2.133913e+00 0.000000e+00 
760 2.087172e+00 0.000000e+00 
800 2.091260e+00 0.000000e+00 
];
