version = 'MMult_1x4_7';
MY_MMult = [
40 9.846154e+00 2.664535e-15 
80 9.481481e+00 7.105427e-15 
120 7.714286e+00 1.065814e-14 
160 8.367722e+00 1.421085e-14 
200 8.560728e+00 1.421085e-14 
240 8.368039e+00 1.776357e-14 
280 7.334447e+00 1.776357e-14 
320 7.439664e+00 2.842171e-14 
360 7.895084e+00 2.309264e-14 
400 7.409980e+00 2.842171e-14 
440 7.728192e+00 3.197442e-14 
480 7.681067e+00 3.907985e-14 
520 7.272013e+00 3.907985e-14 
560 6.614912e+00 4.618528e-14 
600 7.430980e+00 4.263256e-14 
640 6.866992e+00 4.440892e-14 
680 6.842469e+00 5.329071e-14 
720 6.998181e+00 4.973799e-14 
760 6.316701e+00 4.973799e-14 
800 6.023600e+00 4.973799e-14 
];
