version = 'MMult_4x4_8';
MY_MMult = [
40 3.657143e+00 2.664535e-15 
80 8.462810e+00 7.105427e-15 
120 8.018561e+00 1.065814e-14 
160 6.445319e+00 1.421085e-14 
200 8.028098e+00 1.421085e-14 
240 7.488624e+00 1.776357e-14 
280 7.639464e+00 1.776357e-14 
320 7.459140e+00 2.842171e-14 
360 7.312853e+00 2.309264e-14 
400 7.938969e+00 2.842171e-14 
440 7.952574e+00 3.197442e-14 
480 7.602915e+00 3.907985e-14 
520 6.971145e+00 3.907985e-14 
560 4.520128e+00 4.618528e-14 
600 5.713606e+00 4.263256e-14 
640 4.688762e+00 4.440892e-14 
680 4.258836e+00 5.329071e-14 
720 3.975714e+00 4.973799e-14 
760 3.798997e+00 4.973799e-14 
800 3.840038e+00 4.973799e-14 
];
