version = 'MMult2';
MY_MMult = [
40 3.878788e+00 0.000000e+00 
80 2.976744e+00 0.000000e+00 
120 2.721260e+00 0.000000e+00 
160 2.583412e+00 0.000000e+00 
200 2.350522e+00 0.000000e+00 
240 2.468792e+00 0.000000e+00 
280 2.416424e+00 0.000000e+00 
320 2.411185e+00 0.000000e+00 
360 2.499585e+00 0.000000e+00 
400 2.496733e+00 0.000000e+00 
440 2.313054e+00 0.000000e+00 
480 2.371565e+00 0.000000e+00 
520 2.232174e+00 0.000000e+00 
560 2.228361e+00 0.000000e+00 
600 2.140818e+00 0.000000e+00 
640 2.144511e+00 0.000000e+00 
680 2.151883e+00 0.000000e+00 
720 2.149712e+00 0.000000e+00 
760 2.160879e+00 0.000000e+00 
800 2.155050e+00 0.000000e+00 
];
