version = 'MMult_1x4_5';
MY_MMult = [
40 2.976744e+00 0.000000e+00 
80 2.797814e+00 0.000000e+00 
120 2.784851e+00 0.000000e+00 
160 2.700066e+00 0.000000e+00 
200 2.770563e+00 0.000000e+00 
240 2.556922e+00 0.000000e+00 
280 2.778207e+00 0.000000e+00 
320 2.727144e+00 0.000000e+00 
360 2.734257e+00 0.000000e+00 
400 2.752096e+00 0.000000e+00 
440 2.731964e+00 0.000000e+00 
480 2.657855e+00 0.000000e+00 
520 2.608078e+00 0.000000e+00 
560 2.533100e+00 0.000000e+00 
600 2.440044e+00 0.000000e+00 
640 2.406536e+00 0.000000e+00 
680 2.323189e+00 0.000000e+00 
720 2.299430e+00 0.000000e+00 
760 2.263154e+00 0.000000e+00 
800 2.197316e+00 0.000000e+00 
];
