version = 'MMult_4x4_10';
MY_MMult = [
40 1.828571e+01 2.664535e-15 
80 1.735593e+01 7.105427e-15 
120 1.818947e+01 1.065814e-14 
160 1.628628e+01 1.421085e-14 
200 1.614531e+01 1.421085e-14 
240 1.608377e+01 1.776357e-14 
280 1.373287e+01 1.776357e-14 
320 1.507268e+01 2.842171e-14 
360 1.255882e+01 2.309264e-14 
400 1.582591e+01 2.842171e-14 
440 1.640520e+01 3.197442e-14 
480 1.596535e+01 3.907985e-14 
520 1.533515e+01 3.907985e-14 
560 1.569752e+01 4.618528e-14 
600 1.458770e+01 4.263256e-14 
640 1.468717e+01 4.440892e-14 
680 1.310898e+01 5.329071e-14 
720 1.093415e+01 4.973799e-14 
760 8.732713e+00 4.973799e-14 
800 6.917797e+00 4.973799e-14 
];
