version = 'MMult_4x4_12';
MY_MMult = [
40 1.422222e+01 2.664535e-15 
80 1.312821e+01 7.105427e-15 
120 1.118447e+01 1.065814e-14 
160 1.039594e+01 1.421085e-14 
200 9.913259e+00 2.131628e-14 
240 1.138715e+01 2.486900e-14 
280 9.367186e+00 2.842171e-14 
320 1.159519e+01 3.552714e-14 
360 1.056163e+01 4.973799e-14 
400 1.145619e+01 4.973799e-14 
440 1.158021e+01 4.973799e-14 
480 1.140712e+01 6.039613e-14 
520 1.072157e+01 6.394885e-14 
560 1.100041e+01 6.750156e-14 
600 1.107011e+01 7.460699e-14 
640 1.141344e+01 8.171241e-14 
680 1.164326e+01 9.237056e-14 
720 1.146815e+01 1.101341e-13 
760 1.159380e+01 1.065814e-13 
800 1.149180e+01 8.881784e-14 
];
