version = 'MMult_4x4_14';
MY_MMult = [
40 1.600000e+01 2.664535e-15 
80 1.678689e+01 7.105427e-15 
120 1.637915e+01 1.065814e-14 
160 1.671837e+01 1.421085e-14 
200 1.663202e+01 2.131628e-14 
240 1.617788e+01 2.486900e-14 
280 1.578145e+01 2.842171e-14 
320 1.495914e+01 3.552714e-14 
360 1.523213e+01 4.973799e-14 
400 1.613310e+01 4.973799e-14 
440 1.658244e+01 4.973799e-14 
480 1.602783e+01 6.039613e-14 
520 1.560577e+01 6.394885e-14 
560 1.570665e+01 6.750156e-14 
600 1.587302e+01 7.460699e-14 
640 1.608788e+01 8.171241e-14 
680 1.636942e+01 9.237056e-14 
720 1.649132e+01 1.101341e-13 
760 1.646541e+01 1.065814e-13 
800 1.613793e+01 8.881784e-14 
];
