version = 'MMult_1x4_8';
MY_MMult = [
40 9.142857e+00 2.664535e-15 
80 9.309091e+00 7.105427e-15 
120 9.340541e+00 1.065814e-14 
160 8.894680e+00 1.421085e-14 
200 8.385744e+00 1.421085e-14 
240 6.990645e+00 1.776357e-14 
280 8.060217e+00 1.776357e-14 
320 6.920380e+00 2.842171e-14 
360 7.076596e+00 2.309264e-14 
400 7.513060e+00 2.842171e-14 
440 7.247235e+00 3.197442e-14 
480 7.344158e+00 3.907985e-14 
520 7.187078e+00 3.907985e-14 
560 6.672467e+00 4.618528e-14 
600 7.710155e+00 4.263256e-14 
640 6.714324e+00 4.440892e-14 
680 6.435959e+00 5.329071e-14 
720 5.720320e+00 4.973799e-14 
760 6.176454e+00 4.973799e-14 
800 5.701654e+00 4.973799e-14 
];
