version = 'MMult_4x4_15';
MY_MMult = [
40 1.600000e+01 2.664535e-15 
80 1.735593e+01 7.105427e-15 
120 1.549776e+01 1.065814e-14 
160 1.739278e+01 1.421085e-14 
200 1.437556e+01 2.131628e-14 
240 1.499349e+01 2.486900e-14 
280 1.400893e+01 2.842171e-14 
320 1.568597e+01 3.552714e-14 
360 1.605506e+01 4.973799e-14 
400 1.598002e+01 4.973799e-14 
440 1.637524e+01 4.973799e-14 
480 1.633680e+01 6.039613e-14 
520 1.660169e+01 6.394885e-14 
560 1.651535e+01 6.750156e-14 
600 1.675458e+01 7.460699e-14 
640 1.663773e+01 8.171241e-14 
680 1.673534e+01 9.237056e-14 
720 1.686349e+01 1.101341e-13 
760 1.670953e+01 1.065814e-13 
800 1.670746e+01 8.881784e-14 
];
