version = 'MMult_1x4_9';
MY_MMult = [
40 8.533333e+00 2.664535e-15 
80 9.142857e+00 7.105427e-15 
120 8.597015e+00 1.065814e-14 
160 8.551148e+00 1.421085e-14 
200 7.017544e+00 1.421085e-14 
240 8.512315e+00 1.776357e-14 
280 8.076527e+00 1.776357e-14 
320 7.689311e+00 2.842171e-14 
360 7.624775e+00 2.309264e-14 
400 7.828746e+00 2.842171e-14 
440 7.733103e+00 3.197442e-14 
480 7.625720e+00 3.907985e-14 
520 7.554493e+00 3.907985e-14 
560 7.556139e+00 4.618528e-14 
600 7.330109e+00 4.263256e-14 
640 7.279149e+00 4.440892e-14 
680 6.906419e+00 5.329071e-14 
720 6.601953e+00 4.973799e-14 
760 6.323298e+00 4.973799e-14 
800 6.166780e+00 4.973799e-14 
];
