version = 'MMult_4x4_13';
MY_MMult = [
40 1.600000e+01 2.664535e-15 
80 1.796491e+01 7.105427e-15 
120 1.800000e+01 1.065814e-14 
160 1.735593e+01 1.421085e-14 
200 1.609658e+01 2.131628e-14 
240 1.739962e+01 2.486900e-14 
280 1.581556e+01 2.842171e-14 
320 1.613790e+01 3.552714e-14 
360 1.582901e+01 4.973799e-14 
400 1.616570e+01 4.973799e-14 
440 1.675202e+01 4.973799e-14 
480 1.718334e+01 6.039613e-14 
520 1.689594e+01 6.394885e-14 
560 1.691869e+01 6.750156e-14 
600 1.695048e+01 7.460699e-14 
640 1.663350e+01 8.171241e-14 
680 1.685646e+01 9.237056e-14 
720 1.651649e+01 1.101341e-13 
760 1.694986e+01 1.065814e-13 
800 1.665691e+01 8.881784e-14 
];
