version = 'MMult_1x4_6';
MY_MMult = [
40 9.846154e+00 2.664535e-15 
80 9.309091e+00 7.105427e-15 
120 7.562363e+00 1.065814e-14 
160 8.333672e+00 1.421085e-14 
200 8.281573e+00 1.421085e-14 
240 6.411874e+00 1.776357e-14 
280 8.058737e+00 1.776357e-14 
320 7.502690e+00 2.842171e-14 
360 7.155828e+00 2.309264e-14 
400 7.732737e+00 2.842171e-14 
440 7.688434e+00 3.197442e-14 
480 6.815728e+00 3.907985e-14 
520 7.369392e+00 3.907985e-14 
560 6.892443e+00 4.618528e-14 
600 7.413127e+00 4.263256e-14 
640 7.051905e+00 4.440892e-14 
680 6.854328e+00 5.329071e-14 
720 6.788487e+00 4.973799e-14 
760 6.366261e+00 4.973799e-14 
800 6.214535e+00 4.973799e-14 
];
