version = 'MMult_4x4_5';
MY_MMult = [
40 4.266667e+00 0.000000e+00 
80 4.266667e+00 0.000000e+00 
120 4.168878e+00 0.000000e+00 
160 3.747484e+00 0.000000e+00 
200 4.126902e+00 0.000000e+00 
240 4.151975e+00 0.000000e+00 
280 3.978614e+00 0.000000e+00 
320 3.904904e+00 0.000000e+00 
360 3.156698e+00 0.000000e+00 
400 3.995006e+00 0.000000e+00 
440 3.881351e+00 0.000000e+00 
480 3.655269e+00 0.000000e+00 
520 3.780191e+00 0.000000e+00 
560 3.194238e+00 0.000000e+00 
600 2.956049e+00 0.000000e+00 
640 2.688629e+00 0.000000e+00 
680 2.791750e+00 0.000000e+00 
720 2.746894e+00 0.000000e+00 
760 2.643255e+00 0.000000e+00 
800 2.649109e+00 0.000000e+00 
];
