version = 'MMult_4x4_4';
MY_MMult = [
40 3.459459e+00 0.000000e+00 
80 2.701847e+00 0.000000e+00 
120 2.561898e+00 0.000000e+00 
160 2.572057e+00 0.000000e+00 
200 2.247822e+00 0.000000e+00 
240 2.018544e+00 0.000000e+00 
280 2.451779e+00 0.000000e+00 
320 2.489686e+00 0.000000e+00 
360 2.501931e+00 0.000000e+00 
400 2.398801e+00 0.000000e+00 
440 2.363530e+00 0.000000e+00 
480 2.371412e+00 0.000000e+00 
520 2.309251e+00 0.000000e+00 
560 2.196024e+00 0.000000e+00 
600 2.185217e+00 0.000000e+00 
640 2.073563e+00 0.000000e+00 
680 2.098242e+00 0.000000e+00 
720 2.065710e+00 0.000000e+00 
760 2.066168e+00 0.000000e+00 
800 2.074348e+00 0.000000e+00 
];
