version = 'MMult1';
MY_MMult = [
40 3.878788e+00 0.000000e+00 
80 2.917379e+00 0.000000e+00 
120 2.282695e+00 0.000000e+00 
160 2.187450e+00 0.000000e+00 
200 2.525253e+00 0.000000e+00 
240 2.499367e+00 0.000000e+00 
280 2.475696e+00 0.000000e+00 
320 2.414205e+00 0.000000e+00 
360 2.484477e+00 0.000000e+00 
400 2.502101e+00 0.000000e+00 
440 2.397962e+00 0.000000e+00 
480 2.421758e+00 0.000000e+00 
520 2.426849e+00 0.000000e+00 
560 2.381476e+00 0.000000e+00 
600 2.339004e+00 0.000000e+00 
640 2.271504e+00 0.000000e+00 
680 2.167002e+00 0.000000e+00 
720 2.058618e+00 0.000000e+00 
760 1.972961e+00 0.000000e+00 
800 1.879572e+00 0.000000e+00 
];
