version = 'MMult_4x4_7';
MY_MMult = [
40 8.533333e+00 2.664535e-15 
80 8.677966e+00 7.105427e-15 
120 6.193548e+00 1.065814e-14 
160 6.054693e+00 1.421085e-14 
200 8.167432e+00 1.421085e-14 
240 8.260532e+00 1.776357e-14 
280 7.718706e+00 1.776357e-14 
320 7.875976e+00 2.842171e-14 
360 7.929300e+00 2.309264e-14 
400 8.147677e+00 2.842171e-14 
440 7.928149e+00 3.197442e-14 
480 8.169006e+00 3.907985e-14 
520 7.575250e+00 3.907985e-14 
560 7.023657e+00 4.618528e-14 
600 5.913191e+00 4.263256e-14 
640 4.671549e+00 4.440892e-14 
680 4.228880e+00 5.329071e-14 
720 4.024064e+00 4.973799e-14 
760 3.823766e+00 4.973799e-14 
800 3.822151e+00 4.973799e-14 
];
