version = 'MMult_4x4_11';
MY_MMult = [
40 1.828571e+01 2.664535e-15 
80 1.828571e+01 7.105427e-15 
120 1.772308e+01 1.065814e-14 
160 1.703119e+01 1.421085e-14 
200 1.576355e+01 2.131628e-14 
240 1.431056e+01 2.486900e-14 
280 1.507692e+01 2.842171e-14 
320 1.484394e+01 3.552714e-14 
360 1.408270e+01 4.973799e-14 
400 1.665366e+01 4.973799e-14 
440 1.671914e+01 4.973799e-14 
480 1.663788e+01 6.039613e-14 
520 1.647235e+01 6.394885e-14 
560 1.658632e+01 6.750156e-14 
600 1.677540e+01 7.460699e-14 
640 1.549086e+01 8.171241e-14 
680 1.623629e+01 9.237056e-14 
720 1.647458e+01 1.101341e-13 
760 1.635834e+01 1.065814e-13 
800 1.620612e+01 8.881784e-14 
];
