version = 'MMult_4x4_3';
MY_MMult = [
40 3.657143e+00 0.000000e+00 
80 2.900850e+00 0.000000e+00 
120 2.616200e+00 0.000000e+00 
160 2.633237e+00 0.000000e+00 
200 2.499609e+00 0.000000e+00 
240 2.213788e+00 0.000000e+00 
280 2.429797e+00 0.000000e+00 
320 2.483271e+00 0.000000e+00 
360 2.532349e+00 0.000000e+00 
400 2.494203e+00 0.000000e+00 
440 2.431952e+00 0.000000e+00 
480 2.462498e+00 0.000000e+00 
520 2.334479e+00 0.000000e+00 
560 2.236377e+00 0.000000e+00 
600 2.235678e+00 0.000000e+00 
640 2.140667e+00 0.000000e+00 
680 2.128337e+00 0.000000e+00 
720 2.092778e+00 0.000000e+00 
760 2.094491e+00 0.000000e+00 
800 2.059132e+00 0.000000e+00 
];
